15.52
10.45
8.77
6.54
8.75
6.05
6.70
7.76
7.09
5.93
14.33
9.54
7.10
7.77
9.08
6.48
8.26
9.54
11.25
25.00
9.06
9.88
13.21
16.29
11.82
9.17
9.06
5.93
12.80
5.85
7.67
7.23
14.33
7.77
6.76
6.53
19.36
23.87
8.41
5.44
8.30
9.54
7.02
25.00
10.50
7.68
7.63
13.21
11.67
9.31
7.45
9.91
9.31
10.50
8.75
7.92
10.88
14.33
8.25
16.90
8.41
7.37
7.42
8.46
10.58
8.32
7.98
8.46
6.59
10.45
8.14
6.90
6.70
6.97
7.02
6.48
6.46
7.41
11.39
8.64
7.75
6.10
9.77
8.46
6.25
15.14
6.90
10.42
9.77
6.97
7.98
11.93
10.42
16.29
12.80
8.77
7.42
11.82
8.15
7.48
7.35
16.29
10.45
7.92
11.25
6.06
16.29
8.20
7.35
7.00
9.71
25.00
6.10
14.33
13.21
7.33
7.75
6.65
8.46
11.00
