8.54
10.70
7.89
8.97
10.33
9.39
11.66
9.94
8.20
9.24
9.16
11.42
9.53
10.55
9.78
10.60
9.44
11.07
10.15
10.15
10.15
11.05
9.15
10.08
10.29
9.53
9.56
11.40
11.71
10.95
9.64
11.86
11.07
9.53
12.23
10.33
8.74
9.14
11.05
10.33
10.61
8.97
10.08
10.23
9.64
10.68
10.30
10.60
9.21
9.52
9.44
11.40
8.20
9.16
7.73
9.97
11.71
8.20
9.33
8.86
10.45
10.61
10.47
10.83
10.15
11.06
11.42
10.51
10.45
11.07
11.05
10.73
9.15
11.30
10.96
10.60
9.58
9.29
11.86
7.63
10.48
10.79
10.04
9.58
10.33
10.23
9.18
9.53
9.19
10.86
8.50
9.56
9.58
13.42
8.50
10.41
10.48
10.96
10.83
11.40
9.39
10.42
9.77
10.30
9.38
7.92
9.77
8.80
10.83
9.94
9.57
11.42
9.97
9.57
7.84
10.33
10.43
10.73
13.12
11.71
11.40
9.94
11.05
10.33
11.86
11.43
10.45
9.15
11.06
9.18
10.30
10.33
9.95
11.06
9.39
